第 1 次迭代
迭代后x值：
[[0.07408029]
 [0.06524239]
 [0.07483247]
 [0.06008575]
 [0.07765282]
 [0.08406368]
 [0.07624158]
 [0.06983072]
 [0.06480821]
 [0.07489091]
 [0.06493799]
 [0.07775971]
 [0.06352675]
 [0.07204675]]
函数取值：
0.06352675354084508
对应原函数取值：
x:
[[1.02822531]
 [0.90555634]
 [1.03866543]
 [0.83398278]]
原函数取值：
14.687365857742485
第 2 次迭代
迭代后x值：
[[0.07702013]
 [0.05895394]
 [0.07712384]
 [0.0502601 ]
 [0.08345281]
 [0.09739672]
 [0.08063338]
 [0.06907652]
 [0.05721606]
 [0.07759627]
 [0.05864515]
 [0.08414591]
 [0.05582572]
 [0.07265345]]
函数取值：
0.055825715166349904
对应原函数取值：
x:
[[1.06010286]
 [0.81144035]
 [1.0615303 ]
 [0.69177851]]
原函数取值：
14.40956782914231
第 3 次迭代
迭代后x值：
[[0.08024962]
 [0.05273798]
 [0.07812581]
 [0.04179547]
 [0.08877021]
 [0.11087316]
 [0.08452356]
 [0.06889169]
 [0.04933303]
 [0.07955786]
 [0.05276781]
 [0.09050265]
 [0.04852117]
 [0.07334997]]
函数取值：
0.04852117223167204
对应原函数取值：
x:
[[1.09406485]
 [0.7189912 ]
 [1.06511039]
 [0.56980896]]
原函数取值：
14.16053087286111
第 4 次迭代
迭代后x值：
[[0.08373185]
 [0.04673795]
 [0.07771502]
 [0.03455661]
 [0.09358463]
 [0.12401248]
 [0.08789227]
 [0.06905396]
 [0.04171074]
 [0.08085404]
 [0.04746138]
 [0.09672754]
 [0.04176902]
 [0.07419251]]
函数取值：
0.04176901836618464
对应原函数取值：
x:
[[1.12857553]
 [0.62995515]
 [1.04747805]
 [0.46576958]]
原函数取值：
13.936910684105081
第 5 次迭代
迭代后x值：
[[0.08740789]
 [0.04105095]
 [0.07584692]
 [0.02842286]
 [0.09790259]
 [0.13646672]
 [0.0907623 ]
 [0.06940502]
 [0.03472554]
 [0.08161277]
 [0.04280586]
 [0.10272728]
 [0.03566558]
 [0.07519772]]
函数取值：
0.03566557909691435
对应原函数取值：
x:
[[1.16237413]
 [0.54590685]
 [1.00863314]
 [0.37797502]]
原函数取值：
13.73680826981879
第 6 次迭代
迭代后x值：
[[0.09120372]
 [0.03573351]
 [0.07258475]
 [0.02327931]
 [0.10174461]
 [0.14801945]
 [0.09318044]
 [0.06984107]
 [0.02858302]
 [0.081991  ]
 [0.03881279]
 [0.108427  ]
 [0.03024862]
 [0.07635071]]
函数取值：
0.030248615292068955
对应原函数取值：
x:
[[1.19453672]
 [0.4680181 ]
 [0.95067557]
 [0.30489969]]
原函数取值：
13.558939067781075
第 7 次迭代
迭代后x值：
[[0.09503141]
 [0.03081658]
 [0.06811642]
 [0.01901098]
 [0.1051348 ]
 [0.15855498]
 [0.0952025 ]
 [0.07029724]
 [0.02334965]
 [0.08215294]
 [0.03544221]
 [0.11376766]
 [0.02550991]
 [0.07761273]]
函数取值：
0.0255099139908883
对应原函数取值：
x:
[[1.22443064]
 [0.39705569]
 [0.87764496]
 [0.24494668]]
原函数取值：
13.402209936158496
第 8 次迭代
迭代后x值：
[[0.09879159]
 [0.02631876]
 [0.06274183]
 [0.01550164]
 [0.1080951 ]
 [0.16802374]
 [0.09688399]
 [0.07073409]
 [0.01899384]
 [0.08225243]
 [0.0326221 ]
 [0.11870064]
 [0.02141099]
 [0.07892926]]
函数取值：
0.021410992966194406
对应原函数取值：
x:
[[1.25164724]
 [0.3334474 ]
 [0.79491214]
 [0.19639914]]
原函数取值：
13.26550958201867
第 9 次迭代
迭代后x值：
[[0.10238121]
 [0.02225248]
 [0.05682709]
 [0.01263679]
 [0.11064464]
 [0.17641706]
 [0.09827614]
 [0.07112876]
 [0.01542631]
 [0.08242324]
 [0.03026541]
 [0.12318522]
 [0.01789691]
 [0.08023874]]
函数取值：
0.01789691171552383
对应原函数取值：
x:
[[1.27595743]
 [0.27732845]
 [0.70822517]
 [0.15748984]]
原函数取值：
13.147587569987113
第 10 次迭代
迭代后x值：
[[0.10570453]
 [0.01862365]
 [0.05074165]
 [0.01030877]
 [0.11280199]
 [0.18375343]
 [0.09942566]
 [0.07146985]
 [0.01253333]
 [0.08277772]
 [0.02828249]
 [0.12718973]
 [0.01490616]
 [0.08148105]]
函数取值：
0.014906155112497398
对应原函数取值：
x:
[[1.29728978]
 [0.22856417]
 [0.6227418 ]
 [0.12651741]]
原函数取值：
13.046993069018503
第 11 次迭代
迭代后x值：
[[0.10868282]
 [0.01542876]
 [0.04480339]
 [0.00842133]
 [0.11458767]
 [0.19007187]
 [0.10037594]
 [0.07175449]
 [0.01019954]
 [0.08341136]
 [0.02658836]
 [0.130694  ]
 [0.01237663]
 [0.08260385]]
函数取值：
0.012376627459700133
对应原函数取值：
x:
[[1.31571139]
 [0.18678015]
 [0.54238862]
 [0.10194838]]
原函数取值：
12.962083414326148
第 12 次迭代
迭代后x值：
[[0.11125904]
 [0.01265333]
 [0.03924847]
 [0.00689197]
 [0.116025  ]
 [0.1954274 ]
 [0.10116798]
 [0.07198592]
 [0.00832048]
 [0.08440979]
 [0.02510588]
 [0.13369034]
 [0.01024886]
 [0.08356554]]
函数取值：
0.010248860400049778
对应原函数取值：
x:
[[1.33139862]
 [0.15141808]
 [0.46967299]
 [0.08247385]]
原函数取值：
12.891096062242717
第 13 次迭代
迭代后x值：
[[0.11339673]
 [0.01027282]
 [0.0342271 ]
 [0.00565217]
 [0.11713926]
 [0.19988578]
 [0.10184083]
 [0.0721716 ]
 [0.00680742]
 [0.08585583]
 [0.02376606]
 [0.13618181]
 [0.00846763]
 [0.08433496]]
函数取值：
0.008467633379298603
对应原函数取值：
x:
[[1.34459923]
 [0.12180976]
 [0.40584713]
 [0.06702047]]
原函数取值：
12.832251680910758
第 14 次迭代
迭代后x值：
[[0.11507507]
 [0.00825546]
 [0.02981619]
 [0.00464607]
 [0.11795624]
 [0.20351745]
 [0.102432  ]
 [0.07232179]
 [0.00558766]
 [0.0878348 ]
 [0.02250703]
 [0.13817845]
 [0.00698279]
 [0.084889  ]]
函数取值：
0.006982787043401191
对应原函数取值：
x:
[[1.35559461]
 [0.09725009]
 [0.35123739]
 [0.05473107]]
原函数取值：
12.783852005519208
第 15 次迭代
迭代后x值：
[[0.1162825 ]
 [0.00656575]
 [0.02603885]
 [0.00382857]
 [0.11850136]
 [0.20639204]
 [0.10297822]
 [0.07244909]
 [0.00460273]
 [0.09043677]
 [0.02127273]
 [0.13969253]
 [0.00574959]
 [0.08520929]]
函数取值：
0.005749586121637144
对应原函数取值：
x:
[[1.3646693 ]
 [0.07705442]
 [0.30558695]
 [0.04493138]]
原函数取值：
12.744350199942795
第 16 次迭代
迭代后x值：
[[0.11701125]
 [0.00516753]
 [0.0228833 ]
 [0.00316337]
 [0.11880009]
 [0.20857454]
 [0.10351658]
 [0.07256868]
 [0.00380587]
 [0.0937536 ]
 [0.02001227]
 [0.14073462]
 [0.00472876]
 [0.08527953]]
函数取值：
0.004728759997522712
对应原函数取值：
x:
[[1.37209073]
 [0.06059518]
 [0.26833291]
 [0.03709412]]
原函数取值：
12.712387638194054
第 17 次迭代
迭代后x值：
[[0.11725506]
 [0.00402608]
 [0.02031759]
 [0.00262113]
 [0.11888004]
 [0.21012451]
 [0.10408536]
 [0.07269891]
 [0.00315968]
 [0.09786789]
 [0.01868096]
 [0.14131187]
 [0.00388627]
 [0.08508466]]
函数取值：
0.003886272716243478
对应原函数取值：
x:
[[1.37809873]
 [0.04731857]
 [0.2387926 ]
 [0.03080618]]
原函数取值：
12.686800046751605
第 18 次迭代
迭代后x值：
[[0.1170124 ]
 [0.00310907]
 [0.01829835]
 [0.00217803]
 [0.11877372]
 [0.21109905]
 [0.10472247]
 [0.07286075]
 [0.00263396]
 [0.10283047]
 [0.01724412]
 [0.14143117]
 [0.00319286]
 [0.08461357]]
函数取值：
0.0031928625097963916
对应原函数取值：
x:
[[1.38290349]
 [0.0367444 ]
 [0.21625785]
 [0.0257409 ]]
原函数取值：
12.666597828987504
第 19 次迭代
迭代后x值：
[[0.11629785]
 [0.00238619]
 [0.01677376]
 [0.00181458]
 [0.11852003]
 [0.21156011]
 [0.10545899]
 [0.07307405]
 [0.00220416]
 [0.10862572]
 [0.01568446]
 [0.14110948]
 [0.00262342]
 [0.08386721]]
函数取值：
0.0026234161116703157
对应原函数取值：
x:
[[1.38669032]
 [0.02845204]
 [0.20000375]
 [0.02163629]]
原函数取值：
12.65092516029505
第 20 次迭代
迭代后x值：
[[0.11516073]
 [0.00182801]
 [0.01568193]
 [0.00151487]
 [0.11816173]
 [0.21158432]
 [0.10630601]
 [0.07334906]
 [0.00185021]
 [0.11513158]
 [0.01401205]
 [0.14039159]
 [0.00215632]
 [0.08287159]]
函数取值：
0.0021563246704667956
对应原函数取值：
x:
[[1.38962862]
 [0.02205829]
 [0.1892317 ]
 [0.01827973]]
原函数取值：
12.639007271843623
第 21 次迭代
迭代后x值：
[[0.1137012 ]
 [0.00140499]
 [0.01494926]
 [0.00126613]
 [0.11773937]
 [0.21127   ]
 [0.10724099]
 [0.07367695]
 [0.00155601]
 [0.12209552]
 [0.01227143]
 [0.13936611]
 [0.00177306]
 [0.08168898]]
函数取值：
0.0017730550128131559
对应原函数取值：
x:
[[1.39187918]
 [0.01719929]
 [0.18300219]
 [0.01549943]]
原函数取值：
12.63010837395632
第 22 次迭代
迭代后x值：
[[0.11206495]
 [0.00108813]
 [0.0144941 ]
 [0.00105836]
 [0.11728683]
 [0.21073297]
 [0.10820794]
 [0.0740291 ]
 [0.00130908]
 [0.12915724]
 [0.01053693]
 [0.13816192]
 [0.00145805]
 [0.08041439]]
函数取值：
0.0014580473061468172
对应原函数取值：
x:
[[1.3935933 ]
 [0.0135316 ]
 [0.18024263]
 [0.01316137]]
原函数取值：
12.623529282133303
第 23 次迭代
迭代后x值：
[[0.11040868]
 [0.00085109]
 [0.01423676]
 [0.00088393]
 [0.11683202]
 [0.21008863]
 [0.10913858]
 [0.07436996]
 [0.00110017]
 [0.13593057]
 [0.00889212]
 [0.13691734]
 [0.00119868]
 [0.07915147]]
函数取值：
0.0011986802592535493
对应原函数取值：
x:
[[1.39490362]
 [0.01075265]
 [0.17986729]
 [0.01116752]]
原函数取值：
12.618648464595347
第 24 次迭代
迭代后x值：
[[0.10885738]
 [0.00067231]
 [0.01410987]
 [0.00073704]
 [0.11639841]
 [0.20943026]
 [0.10997944]
 [0.07467308]
 [0.00092262]
 [0.14210583]
 [0.00740391]
 [0.13574213]
 [0.00098494]
 [0.07798278]]
函数取值：
0.000984944376699955
对应原函数取值：
x:
[[1.39591569]
 [0.00862129]
 [0.18093571]
 [0.00945133]]
原函数取值：
12.614968975668415
第 25 次迭代
迭代后x值：
[[0.10748303]
 [0.00053569]
 [0.01406315]
 [0.00061329]
 [0.11600348]
 [0.20881763]
 [0.11070439]
 [0.07492732]
 [0.00077157]
 [0.14750989]
 [0.00610794]
 [0.13469917]
 [0.00080886]
 [0.07695458]]
函数取值：
0.0008088569389225763
对应原函数取值：
x:
[[1.39670726]
 [0.00696116]
 [0.18274605]
 [0.00796945]]
原函数取值：
12.612132283116438
第 26 次迭代
迭代后x值：
[[0.10630965]
 [0.0004298 ]
 [0.01406241]
 [0.00050917]
 [0.11565683]
 [0.20827938]
 [0.11131064]
 [0.07513334]
 [0.00064332]
 [0.15210112]
 [0.0050101 ]
 [0.13380995]
 [0.00066391]
 [0.07608037]]
函数取值：
0.0006639136757446937
对应原函数取值：
x:
[[1.39733346]
 [0.00564934]
 [0.18483626]
 [0.00669248]]
原函数取值：
12.609897218185818
第 27 次迭代
迭代后x值：
[[0.10533059]
 [0.00034669]
 [0.01408591]
 [0.00042181]
 [0.11536064]
 [0.20782269]
 [0.11180867]
 [0.07529746]
 [0.00053483]
 [0.15592658]
 [0.0040967 ]
 [0.13306996]
 [0.00054473]
 [0.07535275]]
函数取值：
0.0005447252129179049
对应原函数取值：
x:
[[1.39783341]
 [0.00460084]
 [0.18693297]
 [0.00559775]]
原函数取值：
12.608105766156369
第 28 次迭代
迭代后x值：
[[0.10452446]
 [0.00028076]
 [0.01412047]
 [0.00034875]
 [0.11511212]
 [0.20744309]
 [0.11221398]
 [0.07542736]
 [0.00044348]
 [0.15907669]
 [0.00334494]
 [0.13246253]
 [0.0004468 ]
 [0.07475455]]
函数取值：
0.0004467997932623505
对应原函数取值：
x:
[[1.39823535]
 [0.00375581]
 [0.18889116]
 [0.00466524]]
原函数取值：
12.60665296189151
第 29 次迭代
迭代后x值：
[[0.10386545]
 [0.00022806]
 [0.01415846]
 [0.00028785]
 [0.11490594]
 [0.20713118]
 [0.11254244]
 [0.07553011]
 [0.0003669 ]
 [0.16165385]
 [0.00272989]
 [0.13196746]
 [0.0003664 ]
 [0.07426599]]
函数取值：
0.0003663976646013525
对应原函数取值：
x:
[[1.39856016]
 [0.00307079]
 [0.19064533]
 [0.00387599]]
原函数取值：
12.605466227917466
第 30 次迭代
迭代后x值：
[[1.03328583e-01]
 [1.85653324e-04]
 [1.41956933e-02]
 [2.37254774e-04]
 [1.14736007e-01]
 [2.06876422e-01]
 [1.12808277e-01]
 [7.56115626e-02]
 [3.02966893e-04]
 [1.63755546e-01]
 [2.22814593e-03]
 [1.31565275e-01]
 [3.00415415e-04]
 [7.38681977e-02]]
函数取值：
0.00030041541498595007
对应原函数取值：
x:
[[1.39882367]
 [0.00251331]
 [0.19217598]
 [0.00321187]]
原函数取值：
12.604492851250008
